1 -0.85566512 -1.4038958
2 -0.66972841 -1.4219052
3 -0.48085149 -1.4397314
4 -0.28853672 -1.4577213
5 -0.092905784 -1.4760007
6 0.10663107 -1.494655
7 0.30917782 -1.513025
8 0.51660228 -1.5321151
9 0.72690439 -1.5516176
10 0.9407663 -1.5708456
11 -0.85067399 -1.2038056
12 -0.66468612 -1.2194461
13 -0.4761181 -1.2354257
14 -0.28357159 -1.2521211
15 -0.087596468 -1.2689077
16 0.11207087 -1.2852973
17 0.31490292 -1.3019424
18 0.52197302 -1.3186777
19 0.73212394 -1.3356468
20 0.94676956 -1.3538729
21 -0.84618513 -1.0034204
22 -0.65998538 -1.0183059
23 -0.47123819 -1.0326253
24 -0.2784872 -1.0466192
25 -0.082375862 -1.0614109
26 0.11748387 -1.0758435
27 0.32051502 -1.0907944
28 0.52754232 -1.1061324
29 0.73778854 -1.1214238
30 0.95245622 -1.1367756
31 -0.84150783 -0.80289332
32 -0.65541048 -0.81557561
33 -0.46628879 -0.82803458
34 -0.27361934 -0.84079792
35 -0.077090452 -0.85371358
36 0.12267393 -0.86658368
37 0.32567454 -0.87928287
38 0.53313896 -0.89250723
39 0.74406786 -0.90592855
40 0.95795606 -0.91939536
41 -0.83688469 -0.60248353
42 -0.65066847 -0.61317072
43 -0.46103016 -0.62396781
44 -0.26843881 -0.63477949
45 -0.072134807 -0.64593636
46 0.1282486 -0.65625526
47 0.33114899 -0.66783521
48 0.5386861 -0.67878457
49 0.74950175 -0.69022765
50 0.96420384 -0.70169675
51 -0.8322817 -0.40176599
52 -0.64603839 -0.41070806
53 -0.45649886 -0.41947633
54 -0.26392388 -0.42858715
55 -0.066953391 -0.43766226
56 0.13310301 -0.44671127
57 0.33660535 -0.45599665
58 0.54398693 -0.46517492
59 0.75508542 -0.47447535
60 0.96952583 -0.48420008
61 -0.82757253 -0.20031343
62 -0.64091359 -0.20727662
63 -0.4514027 -0.21462995
64 -0.2587153 -0.22177867
65 -0.062065452 -0.22877495
66 0.1384497 -0.23631328
67 0.34189508 -0.24354324
68 0.54956484 -0.25094425
69 0.76056056 -0.2584665
70 0.97534301 -0.26577949
71 -0.82287032 0.0010298958
72 -0.63268396 -5.672918e-005
73 -0.44952696 -0.0057240736
74 -0.25359553 -0.01496725
75 -0.056913896 -0.020397012
76 0.14352883 -0.025811884
77 0.34728525 -0.031381405
78 0.55650319 -0.03513017
79 0.76460126 -0.039696586
80 0.98087497 -0.047864104
81 -0.81813859 0.20234245
82 -0.62842345 0.19489454
83 -0.44507285 0.19195791
84 -0.24902179 0.19247923
85 -0.051853761 0.18830638
86 0.14871923 0.18496173
87 0.35252311 0.1812418
88 0.56157308 0.17603259
89 0.76959237 0.17223723
90 0.98641145 0.17048353
91 -0.81322301 0.40396823
92 -0.62623883 0.40265252
93 -0.43677672 0.40072711
94 -0.2437118 0.39936534
95 -0.046602587 0.39747966
96 0.15382486 0.39606267
97 0.35764278 0.39410795
98 0.56533756 0.39212377
99 0.77659 0.39092484
100 0.99172523 0.38875653
