1 -1.0457932 -1.4450029
2 -0.83035025 -1.4480542
3 -0.61662786 -1.4507939
4 -0.40412424 -1.4538836
5 -0.19293221 -1.4562946
6 0.017289055 -1.4587286
7 0.22635032 -1.4606091
8 0.43389259 -1.4631583
9 0.64064122 -1.4650498
10 0.84609519 -1.4672318
11 -1.0387998 -1.2315593
12 -0.8240859 -1.2351929
13 -0.60992437 -1.239059
14 -0.39780504 -1.2418208
15 -0.18645322 -1.2452669
16 0.023972429 -1.2480204
17 0.23275319 -1.2512709
18 0.4403506 -1.2537196
19 0.64708844 -1.2565384
20 0.85247351 -1.2589915
21 -1.0323735 -1.0181815
22 -0.81719297 -1.0226638
23 -0.60335285 -1.0266881
24 -0.39110301 -1.0304758
25 -0.17970521 -1.0340624
26 0.030684836 -1.0381252
27 0.23886985 -1.0412491
28 0.44709868 -1.0449619
29 0.653685 -1.0480499
30 0.8589119 -1.0514525
31 -1.0255482 -0.80510922
32 -0.81045202 -0.80967871
33 -0.59635537 -0.81469838
34 -0.38426438 -0.81907799
35 -0.17327362 -0.82321904
36 0.036929685 -0.82726409
37 0.24549376 -0.83169959
38 0.45324114 -0.83553241
39 0.66017738 -0.83928132
40 0.865511 -0.84330019
41 -1.0189023 -0.59161924
42 -0.80363314 -0.59705317
43 -0.5903518 -0.60229723
44 -0.37787272 -0.60713977
45 -0.1669725 -0.61177954
46 0.04332244 -0.61662958
47 0.25238632 -0.62137649
48 0.46013948 -0.62613583
49 0.66662731 -0.63038834
50 0.87189235 -0.63502794
51 -1.0121199 -0.37758312
52 -0.79696497 -0.38383889
53 -0.5833425 -0.38986668
54 -0.37148892 -0.39534504
55 -0.16024681 -0.40103163
56 0.050232675 -0.40627122
57 0.25870214 -0.41163916
58 0.46642108 -0.41677738
59 0.67325881 -0.4218848
60 0.87829022 -0.42670561
61 -1.0054685 -0.16419684
62 -0.79022621 -0.17035856
63 -0.57692241 -0.17692119
64 -0.36500321 -0.18315398
65 -0.15374603 -0.18966147
66 0.056865326 -0.19543396
67 0.26549416 -0.20146736
68 0.47305312 -0.20710543
69 0.67974207 -0.21278029
70 0.88496343 -0.21844379
71 -0.99898042 0.050287496
72 -0.78404522 0.042790909
73 -0.57026982 0.035836075
74 -0.35815571 0.02865033
75 -0.1468382 0.021971167
76 0.063123808 0.01554591
77 0.27166116 0.0088987663
78 0.47962905 0.0026753248
79 0.68615708 -0.0037242297
80 0.89108093 -0.0099036269
81 -0.99203367 0.26369928
82 -0.77706672 0.25575654
83 -0.56364084 0.24804837
84 -0.35131621 0.24052034
85 -0.14034879 0.23301869
86 0.069671608 0.22609624
87 0.27814311 0.2188865
88 0.48619748 0.2117506
89 0.69259506 0.20483004
90 0.89757878 0.19796806
91 -0.98525303 0.4778811
92 -0.77010884 0.46930806
93 -0.55694995 0.46080376
94 -0.34475701 0.45260912
95 -0.13373329 0.44486741
96 0.076287508 0.43676271
97 0.2849407 0.42932022
98 0.49277149 0.42153154
99 0.69914012 0.41397019
100 0.90393368 0.40623448
