1 -0.85867042 -1.4007641
2 -0.67281079 -1.4188253
3 -0.48381628 -1.4366811
4 -0.29163306 -1.4547245
5 -0.095830563 -1.4727962
6 0.10358322 -1.4914838
7 0.30648453 -1.5098913
8 0.51347281 -1.5290865
9 0.72378408 -1.5485227
10 0.93789867 -1.5677077
11 -0.85384169 -1.2008147
12 -0.66794731 -1.2168591
13 -0.47882174 -1.2328665
14 -0.2867525 -1.2491533
15 -0.090618292 -1.2658187
16 0.10902311 -1.2822198
17 0.31177197 -1.2989678
18 0.51882808 -1.3162913
19 0.72935735 -1.3328496
20 0.94385378 -1.3508232
21 -0.84927265 -1.0005765
22 -0.6633481 -1.0149533
23 -0.47400393 -1.0291294
24 -0.28135369 -1.0435304
25 -0.085389719 -1.0581866
26 0.11437712 -1.0729056
27 0.31716623 -1.0878094
28 0.52441879 -1.102744
29 0.73524922 -1.1180095
30 0.949158 -1.1336644
31 -0.84445544 -0.80011932
32 -0.65813528 -0.81278006
33 -0.46919577 -0.82514181
34 -0.27651275 -0.83771538
35 -0.080117128 -0.85032631
36 0.11964708 -0.86349509
37 0.32244184 -0.87641019
38 0.53007014 -0.88951024
39 0.74114408 -0.90300856
40 0.95470251 -0.91614579
41 -0.84002201 -0.59941899
42 -0.65383576 -0.6100796
43 -0.46397204 -0.62074399
44 -0.27146473 -0.63177512
45 -0.07508332 -0.642838
46 0.12505661 -0.65354789
47 0.32793932 -0.66477573
48 0.53553814 -0.67555971
49 0.74637789 -0.68708949
50 0.96082246 -0.6986748
51 -0.83522877 -0.3987673
52 -0.64905699 -0.40770858
53 -0.45951338 -0.41631999
54 -0.26684572 -0.42547723
55 -0.070157406 -0.43452477
56 0.12999907 -0.44378392
57 0.33360391 -0.45284224
58 0.54108492 -0.46217642
59 0.75213196 -0.47146897
60 0.96645799 -0.48099906
61 -0.83044372 -0.19734218
62 -0.64389972 -0.20442544
63 -0.45445272 -0.2117761
64 -0.26186028 -0.21889599
65 -0.065044301 -0.22587842
66 0.13570694 -0.23342308
67 0.33890233 -0.24054512
68 0.54648497 -0.24770434
69 0.75756558 -0.25526127
70 0.97221257 -0.26270223
71 -0.82606708 0.0041379798
72 -0.63957167 -0.0010348108
73 -0.44972451 -0.0066240676
74 -0.2568147 -0.011921253
75 -0.059967142 -0.017481626
76 0.14044639 -0.022934805
77 0.34432087 -0.028006677
78 0.55195914 -0.033280026
79 0.76336085 -0.03909639
80 0.97771348 -0.044788459
81 -0.82108794 0.20539355
82 -0.63455562 0.20180734
83 -0.44478162 0.19835737
84 -0.25165226 0.19479039
85 -0.054710235 0.19139755
86 0.14600037 0.18797552
87 0.34939161 0.18413606
88 0.55730928 0.18066698
89 0.76877449 0.17711223
90 0.98339888 0.17346157
91 -0.81639001 0.40690611
92 -0.62932858 0.4056221
93 -0.43978714 0.40395535
94 -0.24675978 0.40232755
95 -0.049607667 0.40040813
96 0.15059188 0.39904562
97 0.35456687 0.39712649
98 0.56236237 0.39531683
99 0.77345485 0.39391136
100 0.98866656 0.39173355
