1 -1.0457932 -1.445003
2 -0.83035048 -1.4480539
3 -0.61662818 -1.4507945
4 -0.40412439 -1.4538835
5 -0.1929324 -1.4562944
6 0.017291091 -1.4587286
7 0.2263502 -1.4606098
8 0.43389257 -1.4631583
9 0.64064207 -1.4650492
10 0.84609505 -1.4672329
11 -1.0387998 -1.2315594
12 -0.8240857 -1.235193
13 -0.60992457 -1.23906
14 -0.39780569 -1.2418208
15 -0.18645263 -1.2452666
16 0.023973234 -1.2480193
17 0.23275377 -1.2512725
18 0.44035305 -1.2537199
19 0.64708737 -1.2565392
20 0.85247147 -1.2589962
21 -1.0323735 -1.0181814
22 -0.8171929 -1.0226638
23 -0.6033525 -1.0266887
24 -0.39110277 -1.0304758
25 -0.17970546 -1.0340622
26 0.03068432 -1.0381249
27 0.2388705 -1.0412488
28 0.44709772 -1.0449617
29 0.65368514 -1.0480499
30 0.85890991 -1.0514543
31 -1.0255499 -0.8051102
32 -0.81045406 -0.8096784
33 -0.59635512 -0.81469769
34 -0.38426517 -0.81907883
35 -0.17327366 -0.82321898
36 0.036928609 -0.82726511
37 0.24549373 -0.83169942
38 0.45324117 -0.83553226
39 0.66017741 -0.83928125
40 0.86551113 -0.8433001
41 -1.0189025 -0.59161789
42 -0.80363326 -0.59705327
43 -0.59034986 -0.60229702
44 -0.37787339 -0.60714133
45 -0.16697277 -0.61177943
46 0.043322355 -0.61663024
47 0.25238641 -0.62137727
48 0.46013953 -0.62613612
49 0.66662666 -0.63038991
50 0.87189271 -0.63502775
51 -1.0121197 -0.37758315
52 -0.79696507 -0.38383891
53 -0.58334234 -0.38986596
54 -0.37148934 -0.39534486
55 -0.1602467 -0.40103169
56 0.050239215 -0.4062708
57 0.25870245 -0.41164113
58 0.46641915 -0.41677734
59 0.67325643 -0.42188463
60 0.87829155 -0.42670577
61 -1.0054682 -0.16419556
62 -0.79022613 -0.17035835
63 -0.57692136 -0.17692025
64 -0.36500372 -0.18315662
65 -0.15374557 -0.18966263
66 0.0568658 -0.19543507
67 0.26549416 -0.20146637
68 0.47305306 -0.20710739
69 0.67974126 -0.21278009
70 0.88496347 -0.21844243
71 -0.9989803 0.0502875
72 -0.78404735 0.042791003
73 -0.57027143 0.035828396
74 -0.35815237 0.028650679
75 -0.14683832 0.021969009
76 0.06312376 0.015545918
77 0.27166048 0.0088976525
78 0.47962988 0.0026755874
79 0.68615849 -0.0037244668
80 0.89108251 -0.0099036763
81 -0.99203262 0.26369933
82 -0.777066 0.25575679
83 -0.56364146 0.24804873
84 -0.35131572 0.24052021
85 -0.1403519 0.23301906
86 0.069672385 0.22609793
87 0.27814035 0.2188871
88 0.48619928 0.2117507
89 0.69259488 0.20483007
90 0.89757805 0.19796793
91 -0.98525302 0.47788129
92 -0.77010868 0.46930849
93 -0.55694893 0.46080391
94 -0.34475863 0.45260959
95 -0.13373436 0.44486744
96 0.076286834 0.43676316
97 0.28493997 0.42932042
98 0.49277139 0.42153086
99 0.69913889 0.41397034
100 0.903933 0.40622955
